1.19048		1.56311		1.79151		1.95158		2.04961		2.1045		2.13365		2.14869		2.15632		2.16017		2.16211		2.16307		2.16356		2.1638		2.16392		2.164		
1.56311		4.18571		5.26751		6.15522		6.76925		7.14204		7.34972		7.4597		7.51635		7.5451		7.55959		7.56686		7.5705		7.57232		7.57324		7.57385		
1.79151		5.26751		7.31101		9.36035		11.0528		12.2275		12.942		13.3404		13.5515		13.6602		13.7154		13.7432		13.7572		13.7642		13.7677		13.77		
1.95158		6.15522		9.36035		13.2736		17.23		20.5123		22.7961		24.1868		24.9627		25.3739		25.5858		25.6934		25.7476		25.7748		25.7884		25.7975		
2.04961		6.76925		11.0528		17.23		24.844		32.5853		39.0273		43.5165		46.2522		47.7792		48.5885		49.0056		49.2173		49.324		49.3776		49.4134		
2.1045		7.14204		12.2275		20.5123		32.5853		47.5622		62.8446		75.5827		84.4583		89.8602		92.8707		94.4646		95.2854		95.702		95.9118		96.0523		
2.13365		7.34972		12.942		22.7961		39.0273		62.8446		92.4806		122.472		146.707		162.845		172.278		177.394		180.06		181.421		182.109		182.571		
2.14869		7.4597		13.3404		24.1868		43.5165		75.5827		122.472		177.391		225.114		257.346		276.071		286.146		291.369		294.027		295.367		296.266		
2.15632		7.51635		13.5515		24.9627		46.2522		84.4583		146.707		225.114		293.057		337.321		362.222		375.351		382.08		385.485		387.197		388.343		
2.16017		7.5451		13.6602		25.3739		47.7792		89.8602		162.845		257.346		337.321		387.577		415.118		429.421		436.693		440.358		442.197		443.426		
2.16211		7.55959		13.7154		25.5858		48.5885		92.8707		172.278		276.071		362.222		415.118		443.659		458.355		465.793		469.532		471.407		472.659		
2.16307		7.56686		13.7432		25.6934		49.0056		94.4646		177.394		286.146		375.351		429.421		458.355		473.185		480.674		484.434		486.318		487.575		
2.16356		7.5705		13.7572		25.7476		49.2173		95.2854		180.06		291.369		382.08		436.693		465.793		480.674		488.179		491.946		493.833		495.094		
2.1638		7.57232		13.7642		25.7748		49.324		95.702		181.421		294.027		385.485		440.358		469.532		484.434		491.946		495.715		497.601		498.862		
2.16392		7.57324		13.7677		25.7884		49.3776		95.9118		182.109		295.367		387.197		442.197		471.407		486.318		493.833		497.601		499.492		500.746		
2.164		7.57385		13.77		25.7975		49.4134		96.0523		182.571		296.266		388.343		443.426		472.659		487.575		495.094		498.862		500.746		502.008		
