1.19048		1.56311		1.79151		1.95158		2.04961		2.1045		2.13365		2.14869		2.15632		2.16017		2.16211		2.16307		2.16356		2.1638		2.16392		2.164		
1.56311		4.18571		5.26751		6.15522		6.76925		7.14204		7.34972		7.4597		7.51635		7.5451		7.55959		7.56686		7.5705		7.57232		7.57324		7.57385		
1.79151		5.26751		7.31101		9.36035		11.0528		12.2275		12.942		13.3404		13.5515		13.6602		13.7154		13.7432		13.7572		13.7642		13.7677		13.77		
1.95158		6.15522		9.36035		13.2736		17.23		20.5123		22.7961		24.1868		24.9627		25.3739		25.5858		25.6934		25.7476		25.7748		25.7884		25.7975		
2.04961		6.76925		11.0528		17.23		24.844		32.5853		39.0273		43.5165		46.2522		47.7792		48.5885		49.0056		49.2173		49.324		49.3776		49.4134		
2.1045		7.14204		12.2275		20.5123		32.5853		47.5622		62.8449		75.5867		84.4743		89.893		92.9181		94.5218		95.3482		95.7678		95.9792		96.1208		
2.13365		7.34972		12.942		22.7961		39.0273		62.8449		92.5119		122.851		148.175		165.848		176.626		182.644		185.834		187.478		188.313		188.875		
2.14869		7.4597		13.3404		24.1868		43.5165		75.5867		122.851		181.867		242.298		292.771		328.005		349.496		361.496		367.858		371.136		373.362		
2.15632		7.51635		13.5515		24.9627		46.2522		84.4743		148.175		242.298		359.988		480.584		581.341		651.69		694.601		718.562		731.265		740.04		
2.16017		7.5451		13.6602		25.3739		47.7792		89.893		165.848		292.771		480.584		715.601		956.515		1157.83		1298.37		1384.08		1431.93		1466.09		
2.16211		7.55959		13.7154		25.5858		48.5885		92.9181		176.626		328.005		581.341		956.515		1426.11		1906.48		2303.71		2575.64		2738.09		2859.26		
2.16307		7.56686		13.7432		25.6934		49.0056		94.5218		182.644		349.496		651.69		1157.83		1906.48		2821.98		3682.25		4306.95		4687.26		4972.91		
2.16356		7.5705		13.7572		25.7476		49.2173		95.3482		185.834		361.496		694.601		1298.37		2303.71		3682.25		5031.42		5993.37		6561.54		6978.16		
2.1638		7.57232		13.7642		25.7748		49.324		95.7678		187.478		367.858		718.562		1384.08		2575.64		4306.95		5993.37		7151.52		7813.05		8287.09		
2.16392		7.57324		13.7677		25.7884		49.3776		95.9792		188.313		371.136		731.265		1431.93		2738.09		4687.26		6561.54		7813.05		8512.46		9006.65		
2.164		7.57385		13.77		25.7975		49.4134		96.1208		188.875		373.362		740.04		1466.09		2859.26		4972.91		6978.16		8287.09		9006.65		9509.88		
