2		2.66667		3.2		3.55556		3.76471		3.87879		3.93846		3.96899		3.98444		3.9922		3.9961		3.99805		3.99902		3.99951		3.99976		3.99988		
2.66667		4		5.33333		6.4		7.11111		7.52941		7.75758		7.87692		7.93798		7.96887		7.98441		7.9922		7.9961		7.99805		7.99902		7.99951		
3.2		5.33333		8		10.6667		12.8		14.2222		15.0588		15.5152		15.7538		15.876		15.9377		15.9688		15.9844		15.9922		15.9961		15.998		
3.55556		6.4		10.6667		16		21.3333		25.6		28.4444		30.1176		31.0303		31.5077		31.7519		31.8755		31.9376		31.9688		31.9844		31.9922		
3.76471		7.11111		12.8		21.3333		32		42.6667		51.2		56.8889		60.2353		62.0606		63.0154		63.5039		63.751		63.8752		63.9376		63.9688		
3.87879		7.52941		14.2222		25.6		42.6667		64		85.3333		102.4		113.778		120.471		124.121		126.031		127.008		127.502		127.75		127.875		
3.93846		7.75758		15.0588		28.4444		51.2		85.3333		128		170.667		204.8		227.556		240.941		248.242		252.062		254.016		255.004		255.501		
3.96899		7.87692		15.5152		30.1176		56.8889		102.4		170.667		256		341.333		409.6		455.111		481.882		496.485		504.123		508.031		510.008		
3.98444		7.93798		15.7538		31.0303		60.2353		113.778		204.8		341.333		512		682.667		819.2		910.222		963.765		992.97		1008.25		1016.06		
3.9922		7.96887		15.876		31.5077		62.0606		120.471		227.556		409.6		682.667		1024		1365.33		1638.4		1820.44		1927.53		1985.94		2016.49		
3.9961		7.98441		15.9377		31.7519		63.0154		124.121		240.941		455.111		819.2		1365.33		2048		2730.67		3276.8		3640.89		3855.06		3971.88		
3.99805		7.9922		15.9688		31.8755		63.5039		126.031		248.242		481.882		910.222		1638.4		2730.67		4096		5461.33		6553.6		7281.78		7710.12		
3.99902		7.9961		15.9844		31.9376		63.751		127.008		252.062		496.485		963.765		1820.44		3276.8		5461.33		8192		10922.7		13107.2		14563.6		
3.99951		7.99805		15.9922		31.9688		63.8752		127.502		254.016		504.123		992.97		1927.53		3640.89		6553.6		10922.7		16384		21845.3		26214.4		
3.99976		7.99902		15.9961		31.9844		63.9376		127.75		255.004		508.031		1008.25		1985.94		3855.06		7281.78		13107.2		21845.3		32768		43690.7		
3.99988		7.99951		15.998		31.9922		63.9688		127.875		255.501		510.008		1016.06		2016.49		3971.88		7710.12		14563.6		26214.4		43690.7		65536		
